<table border="1">
  <caption>Table 1: PSNR for all of the datasets</caption>
  <tr>
    <td>Method</td>  <td>x2</td>  <td>x3</td>  <td>x4</td>  <td>x2</td>  <td>x3</td>  <td>x4</td>  <td>x2</td>  <td>x3</td>  <td>x4</td>  <td>x2</td>  <td>x3</td>  <td>x4</td>  <td>x2</td>  <td>x3</td>  <td>x4</td>
  </tr>
  <tr>
    <td>Nearest</td>  <td>10.08</td>  <td>7.93</td>  <td>7.08</td>  <td>24.22</td>  <td>19.7</td>  <td>16.92</td>  <td>19.06</td>  <td>16.71</td>  <td>14.68</td>  <td>30.84</td>  <td>27.88</td>  <td>25.82</td>  <td>21.07</td>  <td>18.12</td>  <td>16.0</td>
  </tr>
  <tr>
    <td>Bilinear</td>  <td>11.87</td>  <td>8.88</td>  <td>7.77</td>  <td>26.2</td>  <td>21.48</td>  <td>18.84</td>  <td>20.61</td>  <td>18.24</td>  <td>16.32</td>  <td>31.75</td>  <td>28.83</td>  <td>26.9</td>  <td>22.67</td>  <td>19.6</td>  <td>17.56</td>
  </tr>
  <tr>
    <td>Bicubic</td>  <td>11.32</td>  <td>8.81</td>  <td>7.73</td>  <td>25.67</td>  <td>21.12</td>  <td>18.29</td>  <td>20.21</td>  <td>17.96</td>  <td>15.88</td>  <td>31.77</td>  <td>28.78</td>  <td>26.73</td>  <td>22.28</td>  <td>19.34</td>  <td>17.16</td>
  </tr>
  <tr>
    <td>Lanczos</td>  <td>11.14</td>  <td>8.81</td>  <td>7.81</td>  <td>25.42</td>  <td>20.86</td>  <td>18.07</td>  <td>20.01</td>  <td>17.74</td>  <td>15.69</td>  <td>31.71</td>  <td>28.7</td>  <td>26.63</td>  <td>22.09</td>  <td>19.15</td>  <td>17.0</td>
  </tr>
  <tr>
    <td>HRST</td>  <td>22.86</td>  <td>19.27</td>  <td>21.44</td>  <td>32.19</td>  <td>29.0</td>  <td>29.85</td>  <td>0.0</td>  <td>0.0</td>  <td>0.0</td>  <td>0.0</td>  <td>0.0</td>  <td>0.0</td>  <td>9.95</td>  <td>8.86</td>  <td>9.25</td>
  </tr>
  <tr>
    <td>HRST+</td>  <td>22.86</td>  <td>19.27</td>  <td>21.44</td>  <td>32.19</td>  <td>29.0</td>  <td>29.85</td>  <td>0.0</td>  <td>0.0</td>  <td>0.0</td>  <td>0.0</td>  <td>0.0</td>  <td>0.0</td>  <td>9.95</td>  <td>8.86</td>  <td>9.25</td>
  </tr>
  <tr>
    <td>EDSR</td>  <td>8.49</td>  <td>7.13</td>  <td>6.61</td>  <td>21.77</td>  <td>17.2</td>  <td>14.24</td>  <td>16.75</td>  <td>14.08</td>  <td>12.03</td>  <td>29.31</td>  <td>26.18</td>  <td>23.81</td>  <td>18.89</td>  <td>15.79</td>  <td>13.61</td>
  </tr>
  <tr>
    <td>EDSR+</td>  <td>12.73</td>  <td>11.21</td>  <td>9.9</td>  <td>28.25</td>  <td>25.53</td>  <td>24.19</td>  <td>21.13</td>  <td>19.75</td>  <td>18.44</td>  <td>32.78</td>  <td>29.9</td>  <td>28.31</td>  <td>23.66</td>  <td>21.75</td>  <td>20.4</td>
  </tr>
  <tr>
    <td>NLR-</td>  <td>14.68</td>  <td>12.37</td>  <td>11.11</td>  <td>28.08</td>  <td>25.0</td>  <td>23.27</td>  <td>21.21</td>  <td>20.11</td>  <td>19.2</td>  <td>32.18</td>  <td>28.84</td>  <td>26.64</td>  <td>23.75</td>  <td>21.78</td>  <td>20.47</td>
  </tr>
  <tr>
    <td>NLR</td>  <td>13.67</td>  <td>12.92</td>  <td>12.29</td>  <td>28.38</td>  <td>25.85</td>  <td>24.84</td>  <td>21.31</td>  <td>20.27</td>  <td>19.18</td>  <td>32.57</td>  <td>29.57</td>  <td>27.67</td>  <td>23.85</td>  <td>22.22</td>  <td>21.08</td>
  </tr>
  <tr>
    <td>NHR</td>  <td>18.57</td>  <td>17.22</td>  <td>15.47</td>  <td>31.33</td>  <td>28.15</td>  <td>25.83</td>  <td>24.86</td>  <td>23.33</td>  <td>22.17</td>  <td>31.32</td>  <td>28.29</td>  <td>26.08</td>  <td>26.76</td>  <td>24.64</td>  <td>23.02</td>
  </tr>
</table><table border="1">
  <caption>Table 1: PSNR for all of the datasets</caption>
  <tr>
    <td>Method</td>  <td>x2</td>  <td>x3</td>  <td>x4</td>  <td>x2</td>  <td>x3</td>  <td>x4</td>  <td>x2</td>  <td>x3</td>  <td>x4</td>  <td>x2</td>  <td>x3</td>  <td>x4</td>  <td>x2</td>  <td>x3</td>  <td>x4</td>
  </tr>
  <tr>
    <td>Nearest</td>  <td>10.08</td>  <td>7.93</td>  <td>7.08</td>  <td>24.22</td>  <td>19.7</td>  <td>16.92</td>  <td>19.06</td>  <td>16.71</td>  <td>14.68</td>  <td>30.84</td>  <td>27.88</td>  <td>25.82</td>  <td>21.07</td>  <td>18.12</td>  <td>16.0</td>
  </tr>
  <tr>
    <td>Bilinear</td>  <td>11.87</td>  <td>8.88</td>  <td>7.77</td>  <td>26.2</td>  <td>21.48</td>  <td>18.84</td>  <td>20.61</td>  <td>18.24</td>  <td>16.32</td>  <td>31.75</td>  <td>28.83</td>  <td>26.9</td>  <td>22.67</td>  <td>19.6</td>  <td>17.56</td>
  </tr>
  <tr>
    <td>Bicubic</td>  <td>11.32</td>  <td>8.81</td>  <td>7.73</td>  <td>25.67</td>  <td>21.12</td>  <td>18.29</td>  <td>20.21</td>  <td>17.96</td>  <td>15.88</td>  <td>31.77</td>  <td>28.78</td>  <td>26.73</td>  <td>22.28</td>  <td>19.34</td>  <td>17.16</td>
  </tr>
  <tr>
    <td>Lanczos</td>  <td>11.14</td>  <td>8.81</td>  <td>7.81</td>  <td>25.42</td>  <td>20.86</td>  <td>18.07</td>  <td>20.01</td>  <td>17.74</td>  <td>15.69</td>  <td>31.71</td>  <td>28.7</td>  <td>26.63</td>  <td>22.09</td>  <td>19.15</td>  <td>17.0</td>
  </tr>
  <tr>
    <td>HRST</td>  <td>22.13</td>  <td>13.55</td>  <td>20.88</td>  <td>32.29</td>  <td>26.63</td>  <td>29.63</td>  <td>16.18</td>  <td>16.15</td>  <td>16.12</td>  <td>27.9</td>  <td>26.94</td>  <td>26.34</td>  <td>22.17</td>  <td>19.9</td>  <td>21.17</td>
  </tr>
  <tr>
    <td>HRST+</td>  <td>22.86</td>  <td>19.27</td>  <td>21.44</td>  <td>32.19</td>  <td>29.0</td>  <td>29.85</td>  <td>0.0</td>  <td>0.0</td>  <td>0.0</td>  <td>0.0</td>  <td>0.0</td>  <td>0.0</td>  <td>9.95</td>  <td>8.86</td>  <td>9.25</td>
  </tr>
  <tr>
    <td>EDSR</td>  <td>8.49</td>  <td>7.13</td>  <td>6.61</td>  <td>21.77</td>  <td>17.2</td>  <td>14.24</td>  <td>16.75</td>  <td>14.08</td>  <td>12.03</td>  <td>29.31</td>  <td>26.18</td>  <td>23.81</td>  <td>18.89</td>  <td>15.79</td>  <td>13.61</td>
  </tr>
  <tr>
    <td>EDSR+</td>  <td>12.73</td>  <td>11.21</td>  <td>9.9</td>  <td>28.25</td>  <td>25.53</td>  <td>24.19</td>  <td>21.13</td>  <td>19.75</td>  <td>18.44</td>  <td>32.78</td>  <td>29.9</td>  <td>28.31</td>  <td>23.66</td>  <td>21.75</td>  <td>20.4</td>
  </tr>
  <tr>
    <td>NLR-</td>  <td>14.68</td>  <td>12.37</td>  <td>11.11</td>  <td>28.08</td>  <td>25.0</td>  <td>23.27</td>  <td>21.21</td>  <td>20.11</td>  <td>19.2</td>  <td>32.18</td>  <td>28.84</td>  <td>26.64</td>  <td>23.75</td>  <td>21.78</td>  <td>20.47</td>
  </tr>
  <tr>
    <td>NLR</td>  <td>13.67</td>  <td>12.92</td>  <td>12.29</td>  <td>28.38</td>  <td>25.85</td>  <td>24.84</td>  <td>21.31</td>  <td>20.27</td>  <td>19.18</td>  <td>32.57</td>  <td>29.57</td>  <td>27.67</td>  <td>23.85</td>  <td>22.22</td>  <td>21.08</td>
  </tr>
  <tr>
    <td>NHR</td>  <td>18.57</td>  <td>17.22</td>  <td>15.47</td>  <td>31.33</td>  <td>28.15</td>  <td>25.83</td>  <td>24.86</td>  <td>23.33</td>  <td>22.17</td>  <td>31.32</td>  <td>28.29</td>  <td>26.08</td>  <td>26.76</td>  <td>24.64</td>  <td>23.02</td>
  </tr>
</table><table border="1">
  <caption>Table 1: PSNR for all of the datasets</caption>
  <tr>
    <td>Method</td>  <td>x2</td>  <td>x3</td>  <td>x4</td>  <td>x2</td>  <td>x3</td>  <td>x4</td>  <td>x2</td>  <td>x3</td>  <td>x4</td>  <td>x2</td>  <td>x3</td>  <td>x4</td>  <td>x2</td>  <td>x3</td>  <td>x4</td>
  </tr>
  <tr>
    <td>Nearest</td>  <td>10.08</td>  <td>7.93</td>  <td>7.08</td>  <td>24.22</td>  <td>19.7</td>  <td>16.92</td>  <td>19.06</td>  <td>16.71</td>  <td>14.68</td>  <td>30.84</td>  <td>27.88</td>  <td>25.82</td>  <td>21.07</td>  <td>18.12</td>  <td>16.0</td>
  </tr>
  <tr>
    <td>Bilinear</td>  <td>11.87</td>  <td>8.88</td>  <td>7.77</td>  <td>26.2</td>  <td>21.48</td>  <td>18.84</td>  <td>20.61</td>  <td>18.24</td>  <td>16.32</td>  <td>31.75</td>  <td>28.83</td>  <td>26.9</td>  <td>22.67</td>  <td>19.6</td>  <td>17.56</td>
  </tr>
  <tr>
    <td>Bicubic</td>  <td>11.32</td>  <td>8.81</td>  <td>7.73</td>  <td>25.67</td>  <td>21.12</td>  <td>18.29</td>  <td>20.21</td>  <td>17.96</td>  <td>15.88</td>  <td>31.77</td>  <td>28.78</td>  <td>26.73</td>  <td>22.28</td>  <td>19.34</td>  <td>17.16</td>
  </tr>
  <tr>
    <td>Lanczos</td>  <td>11.14</td>  <td>8.81</td>  <td>7.81</td>  <td>25.42</td>  <td>20.86</td>  <td>18.07</td>  <td>20.01</td>  <td>17.74</td>  <td>15.69</td>  <td>31.71</td>  <td>28.7</td>  <td>26.63</td>  <td>22.09</td>  <td>19.15</td>  <td>17.0</td>
  </tr>
  <tr>
    <td>HRST</td>  <td>22.13</td>  <td>--</td>  <td>20.88</td>  <td>32.29</td>  <td>--</td>  <td>29.63</td>  <td>16.18</td>  <td>--</td>  <td>16.12</td>  <td>27.9</td>  <td>--</td>  <td>26.34</td>  <td>22.17</td>  <td>--</td>  <td>21.17</td>
  </tr>
  <tr>
    <td>HRST+</td>  <td>22.86</td>  <td>--</td>  <td>21.44</td>  <td>32.19</td>  <td>--</td>  <td>29.85</td>  <td>--</td>  <td>--</td>  <td>--</td>  <td>--</td>  <td>--</td>  <td>--</td>  <td>--</td>  <td>--</td>  <td>--</td>
  </tr>
  <tr>
    <td>EDSR</td>  <td>8.49</td>  <td>7.13</td>  <td>6.61</td>  <td>21.77</td>  <td>17.2</td>  <td>14.24</td>  <td>16.75</td>  <td>14.08</td>  <td>12.03</td>  <td>29.31</td>  <td>26.18</td>  <td>23.81</td>  <td>18.89</td>  <td>15.79</td>  <td>13.61</td>
  </tr>
  <tr>
    <td>EDSR+</td>  <td>12.73</td>  <td>11.21</td>  <td>9.9</td>  <td>28.25</td>  <td>25.53</td>  <td>24.19</td>  <td>21.13</td>  <td>19.75</td>  <td>18.44</td>  <td>32.78</td>  <td>29.9</td>  <td>28.31</td>  <td>23.66</td>  <td>21.75</td>  <td>20.4</td>
  </tr>
  <tr>
    <td>NLR-</td>  <td>14.68</td>  <td>12.37</td>  <td>11.11</td>  <td>28.08</td>  <td>25.0</td>  <td>23.27</td>  <td>21.21</td>  <td>20.11</td>  <td>19.2</td>  <td>32.18</td>  <td>28.84</td>  <td>26.64</td>  <td>23.75</td>  <td>21.78</td>  <td>20.47</td>
  </tr>
  <tr>
    <td>NLR</td>  <td>13.67</td>  <td>12.92</td>  <td>12.29</td>  <td>28.38</td>  <td>25.85</td>  <td>24.84</td>  <td>21.31</td>  <td>20.27</td>  <td>19.18</td>  <td>32.57</td>  <td>29.57</td>  <td>27.67</td>  <td>23.85</td>  <td>22.22</td>  <td>21.08</td>
  </tr>
  <tr>
    <td>NHR</td>  <td>18.57</td>  <td>17.22</td>  <td>15.47</td>  <td>31.33</td>  <td>28.15</td>  <td>25.83</td>  <td>24.86</td>  <td>23.33</td>  <td>22.17</td>  <td>31.32</td>  <td>28.29</td>  <td>26.08</td>  <td>26.76</td>  <td>24.64</td>  <td>23.02</td>
  </tr>
</table><table border="1">
  <caption>Table 1: PSNR for all of the datasets</caption>
  <tr>
    <td>Method</td>  <td>x2</td>  <td>x3</td>  <td>x4</td>  <td>x2</td>  <td>x3</td>  <td>x4</td>  <td>x2</td>  <td>x3</td>  <td>x4</td>  <td>x2</td>  <td>x3</td>  <td>x4</td>  <td>x2</td>  <td>x3</td>  <td>x4</td>
  </tr>
  <tr>
    <td>Nearest</td>  <td>& 10.08</td>  <td>& 7.93</td>  <td>& 7.08</td>  <td>& 24.22</td>  <td>& 19.7</td>  <td>& 16.92</td>  <td>& 19.06</td>  <td>& 16.71</td>  <td>& 14.68</td>  <td>& 30.84</td>  <td>& 27.88</td>  <td>& 25.82</td>  <td>& 21.07</td>  <td>& 18.12</td>  <td>& 16.0</td>
  </tr>
  <tr>
    <td>Bilinear</td>  <td>& 11.87</td>  <td>& 8.88</td>  <td>& 7.77</td>  <td>& 26.2</td>  <td>& 21.48</td>  <td>& 18.84</td>  <td>& 20.61</td>  <td>& 18.24</td>  <td>& 16.32</td>  <td>& 31.75</td>  <td>& 28.83</td>  <td>& 26.9</td>  <td>& 22.67</td>  <td>& 19.6</td>  <td>& 17.56</td>
  </tr>
  <tr>
    <td>Bicubic</td>  <td>& 11.32</td>  <td>& 8.81</td>  <td>& 7.73</td>  <td>& 25.67</td>  <td>& 21.12</td>  <td>& 18.29</td>  <td>& 20.21</td>  <td>& 17.96</td>  <td>& 15.88</td>  <td>& 31.77</td>  <td>& 28.78</td>  <td>& 26.73</td>  <td>& 22.28</td>  <td>& 19.34</td>  <td>& 17.16</td>
  </tr>
  <tr>
    <td>Lanczos</td>  <td>& 11.14</td>  <td>& 8.81</td>  <td>& 7.81</td>  <td>& 25.42</td>  <td>& 20.86</td>  <td>& 18.07</td>  <td>& 20.01</td>  <td>& 17.74</td>  <td>& 15.69</td>  <td>& 31.71</td>  <td>& 28.7</td>  <td>& 26.63</td>  <td>& 22.09</td>  <td>& 19.15</td>  <td>& 17.0</td>
  </tr>
  <tr>
    <td>HRST</td>  <td>& 22.13</td>  <td>& --</td>  <td>& 20.88</td>  <td>& 32.29</td>  <td>& --</td>  <td>& 29.63</td>  <td>& 16.18</td>  <td>& --</td>  <td>& 16.12</td>  <td>& 27.9</td>  <td>& --</td>  <td>& 26.34</td>  <td>& 22.17</td>  <td>& --</td>  <td>& 21.17</td>
  </tr>
  <tr>
    <td>HRST+</td>  <td>& 22.86</td>  <td>& --</td>  <td>& 21.44</td>  <td>& 32.19</td>  <td>& --</td>  <td>& 29.85</td>  <td>& --</td>  <td>& --</td>  <td>& --</td>  <td>& --</td>  <td>& --</td>  <td>& --</td>  <td>& --</td>  <td>& --</td>  <td>& --</td>
  </tr>
  <tr>
    <td>EDSR</td>  <td>& 8.49</td>  <td>& 7.13</td>  <td>& 6.61</td>  <td>& 21.77</td>  <td>& 17.2</td>  <td>& 14.24</td>  <td>& 16.75</td>  <td>& 14.08</td>  <td>& 12.03</td>  <td>& 29.31</td>  <td>& 26.18</td>  <td>& 23.81</td>  <td>& 18.89</td>  <td>& 15.79</td>  <td>& 13.61</td>
  </tr>
  <tr>
    <td>EDSR+</td>  <td>& 12.73</td>  <td>& 11.21</td>  <td>& 9.9</td>  <td>& 28.25</td>  <td>& 25.53</td>  <td>& 24.19</td>  <td>& 21.13</td>  <td>& 19.75</td>  <td>& 18.44</td>  <td>& 32.78</td>  <td>& 29.9</td>  <td>& 28.31</td>  <td>& 23.66</td>  <td>& 21.75</td>  <td>& 20.4</td>
  </tr>
  <tr>
    <td>NLR-</td>  <td>& 14.68</td>  <td>& 12.37</td>  <td>& 11.11</td>  <td>& 28.08</td>  <td>& 25.0</td>  <td>& 23.27</td>  <td>& 21.21</td>  <td>& 20.11</td>  <td>& 19.2</td>  <td>& 32.18</td>  <td>& 28.84</td>  <td>& 26.64</td>  <td>& 23.75</td>  <td>& 21.78</td>  <td>& 20.47</td>
  </tr>
  <tr>
    <td>NLR</td>  <td>& 13.67</td>  <td>& 12.92</td>  <td>& 12.29</td>  <td>& 28.38</td>  <td>& 25.85</td>  <td>& 24.84</td>  <td>& 21.31</td>  <td>& 20.27</td>  <td>& 19.18</td>  <td>& 32.57</td>  <td>& 29.57</td>  <td>& 27.67</td>  <td>& 23.85</td>  <td>& 22.22</td>  <td>& 21.08</td>
  </tr>
  <tr>
    <td>NHR</td>  <td>& 18.57</td>  <td>& 17.22</td>  <td>& 15.47</td>  <td>& 31.33</td>  <td>& 28.15</td>  <td>& 25.83</td>  <td>& 24.86</td>  <td>& 23.33</td>  <td>& 22.17</td>  <td>& 31.32</td>  <td>& 28.29</td>  <td>& 26.08</td>  <td>& 26.76</td>  <td>& 24.64</td>  <td>& 23.02</td>
  </tr>
</table><table border="1">
  <caption>Table 1: PSNR for all of the datasets</caption>
  <tr>
    <td>Method</td>  <td>x2</td>  <td>x3</td>  <td>x4</td>  <td>x2</td>  <td>x3</td>  <td>x4</td>  <td>x2</td>  <td>x3</td>  <td>x4</td>  <td>x2</td>  <td>x3</td>  <td>x4</td>  <td>x2</td>  <td>x3</td>  <td>x4</td>
  </tr>
  <tr>
    <td>Nearest</td>  <td>& 10.08</td>  <td>& 7.93</td>  <td>& 7.08</td>  <td>& 24.22</td>  <td>& 19.7</td>  <td>& 16.92</td>  <td>& 19.06</td>  <td>& 16.71</td>  <td>& 14.68</td>  <td>& 30.84</td>  <td>& 27.88</td>  <td>& 25.82</td>  <td>& 21.07</td>  <td>& 18.12</td>  <td>& 16.0</td>
  </tr>
  <tr>
    <td>Bilinear</td>  <td>& 11.87</td>  <td>& 8.88</td>  <td>& 7.77</td>  <td>& 26.2</td>  <td>& 21.48</td>  <td>& 18.84</td>  <td>& 20.61</td>  <td>& 18.24</td>  <td>& 16.32</td>  <td>& 31.75</td>  <td>& 28.83</td>  <td>& 26.9</td>  <td>& 22.67</td>  <td>& 19.6</td>  <td>& 17.56</td>
  </tr>
  <tr>
    <td>Bicubic</td>  <td>& 11.32</td>  <td>& 8.81</td>  <td>& 7.73</td>  <td>& 25.67</td>  <td>& 21.12</td>  <td>& 18.29</td>  <td>& 20.21</td>  <td>& 17.96</td>  <td>& 15.88</td>  <td>& 31.77</td>  <td>& 28.78</td>  <td>& 26.73</td>  <td>& 22.28</td>  <td>& 19.34</td>  <td>& 17.16</td>
  </tr>
  <tr>
    <td>Lanczos</td>  <td>& 11.14</td>  <td>& 8.81</td>  <td>& 7.81</td>  <td>& 25.42</td>  <td>& 20.86</td>  <td>& 18.07</td>  <td>& 20.01</td>  <td>& 17.74</td>  <td>& 15.69</td>  <td>& 31.71</td>  <td>& 28.7</td>  <td>& 26.63</td>  <td>& 22.09</td>  <td>& 19.15</td>  <td>& 17.0</td>
  </tr>
  <tr>
    <td>HRST</td>  <td>& 8.4</td>  <td>& --</td>  <td>& 6.54</td>  <td>& 21.6</td>  <td>& --</td>  <td>& 13.91</td>  <td>& 16.32</td>  <td>& --</td>  <td>& 11.55</td>  <td>& 29.11</td>  <td>& --</td>  <td>& 23.5</td>  <td>& 18.58</td>  <td>& --</td>  <td>& 13.22</td>
  </tr>
  <tr>
    <td>HRST+</td>  <td>& 22.13</td>  <td>& --</td>  <td>& 20.88</td>  <td>& 32.29</td>  <td>& --</td>  <td>& 29.63</td>  <td>& --</td>  <td>& --</td>  <td>& --</td>  <td>& --</td>  <td>& --</td>  <td>& --</td>  <td>& --</td>  <td>& --</td>  <td>& --</td>
  </tr>
  <tr>
    <td>EDSR</td>  <td>& 8.49</td>  <td>& 7.13</td>  <td>& 6.61</td>  <td>& 21.77</td>  <td>& 17.2</td>  <td>& 14.24</td>  <td>& 16.75</td>  <td>& 14.08</td>  <td>& 12.03</td>  <td>& 29.31</td>  <td>& 26.18</td>  <td>& 23.81</td>  <td>& 18.89</td>  <td>& 15.79</td>  <td>& 13.61</td>
  </tr>
  <tr>
    <td>EDSR+</td>  <td>& 12.73</td>  <td>& 11.21</td>  <td>& 9.9</td>  <td>& 28.25</td>  <td>& 25.53</td>  <td>& 24.19</td>  <td>& 21.13</td>  <td>& 19.75</td>  <td>& 18.44</td>  <td>& 32.78</td>  <td>& 29.9</td>  <td>& 28.31</td>  <td>& 23.66</td>  <td>& 21.75</td>  <td>& 20.4</td>
  </tr>
  <tr>
    <td>NLR-</td>  <td>& 14.68</td>  <td>& 12.37</td>  <td>& 11.11</td>  <td>& 28.08</td>  <td>& 25.0</td>  <td>& 23.27</td>  <td>& 21.21</td>  <td>& 20.11</td>  <td>& 19.2</td>  <td>& 32.18</td>  <td>& 28.84</td>  <td>& 26.64</td>  <td>& 23.75</td>  <td>& 21.78</td>  <td>& 20.47</td>
  </tr>
  <tr>
    <td>NLR</td>  <td>& 13.67</td>  <td>& 12.92</td>  <td>& 12.29</td>  <td>& 28.38</td>  <td>& 25.85</td>  <td>& 24.84</td>  <td>& 21.31</td>  <td>& 20.27</td>  <td>& 19.18</td>  <td>& 32.57</td>  <td>& 29.57</td>  <td>& 27.67</td>  <td>& 23.85</td>  <td>& 22.22</td>  <td>& 21.08</td>
  </tr>
  <tr>
    <td>NHR</td>  <td>& 17.16</td>  <td>& 17.21</td>  <td>& 15.63</td>  <td>& 30.25</td>  <td>& 28.41</td>  <td>& 26.27</td>  <td>& 25.19</td>  <td>& 23.95</td>  <td>& 22.7</td>  <td>& 30.57</td>  <td>& 27.42</td>  <td>& 24.39</td>  <td>& 26.46</td>  <td>& 24.94</td>  <td>& 23.22</td>
  </tr>
</table><table border="1">
  <caption>Table 1: PSNR for all of the datasets</caption>
  <tr>
    <td>Method</td>  <td>x2</td>  <td>x3</td>  <td>x4</td>  <td>x2</td>  <td>x3</td>  <td>x4</td>  <td>x2</td>  <td>x3</td>  <td>x4</td>  <td>x2</td>  <td>x3</td>  <td>x4</td>  <td>x2</td>  <td>x3</td>  <td>x4</td>
  </tr>
  <tr>
    <td>Nearest</td>  <td>& 10.08</td>  <td>& 7.93</td>  <td>& 7.08</td>  <td>& 24.22</td>  <td>& 19.7</td>  <td>& 16.92</td>  <td>& 19.06</td>  <td>& 16.71</td>  <td>& 14.68</td>  <td>& 30.84</td>  <td>& 27.88</td>  <td>& 25.82</td>  <td>& 21.07</td>  <td>& 18.12</td>  <td>& 16.0</td>
  </tr>
  <tr>
    <td>Bilinear</td>  <td>& 11.87</td>  <td>& 8.88</td>  <td>& 7.77</td>  <td>& 26.2</td>  <td>& 21.48</td>  <td>& 18.84</td>  <td>& 20.61</td>  <td>& 18.24</td>  <td>& 16.32</td>  <td>& 31.75</td>  <td>& 28.83</td>  <td>& 26.9</td>  <td>& 22.67</td>  <td>& 19.6</td>  <td>& 17.56</td>
  </tr>
  <tr>
    <td>Bicubic</td>  <td>& 11.32</td>  <td>& 8.81</td>  <td>& 7.73</td>  <td>& 25.67</td>  <td>& 21.12</td>  <td>& 18.29</td>  <td>& 20.21</td>  <td>& 17.96</td>  <td>& 15.88</td>  <td>& 31.77</td>  <td>& 28.78</td>  <td>& 26.73</td>  <td>& 22.28</td>  <td>& 19.34</td>  <td>& 17.16</td>
  </tr>
  <tr>
    <td>Lanczos</td>  <td>& 11.14</td>  <td>& 8.81</td>  <td>& 7.81</td>  <td>& 25.42</td>  <td>& 20.86</td>  <td>& 18.07</td>  <td>& 20.01</td>  <td>& 17.74</td>  <td>& 15.69</td>  <td>& 31.71</td>  <td>& 28.7</td>  <td>& 26.63</td>  <td>& 22.09</td>  <td>& 19.15</td>  <td>& 17.0</td>
  </tr>
  <tr>
    <td>HRST</td>  <td>& 22.13</td>  <td>& --</td>  <td>& 20.88</td>  <td>& 32.29</td>  <td>& --</td>  <td>& 29.63</td>  <td>& 16.18</td>  <td>& --</td>  <td>& 16.12</td>  <td>& 27.9</td>  <td>& --</td>  <td>& 26.34</td>  <td>& 22.17</td>  <td>& --</td>  <td>& 21.17</td>
  </tr>
  <tr>
    <td>HRST+</td>  <td>& 22.76</td>  <td>& --</td>  <td>& 21.55</td>  <td>& 32.24</td>  <td>& --</td>  <td>& 29.9</td>  <td>& --</td>  <td>& --</td>  <td>& --</td>  <td>& --</td>  <td>& --</td>  <td>& --</td>  <td>& --</td>  <td>& --</td>  <td>& --</td>
  </tr>
  <tr>
    <td>EDSR</td>  <td>& 8.49</td>  <td>& 7.13</td>  <td>& 6.61</td>  <td>& 21.77</td>  <td>& 17.2</td>  <td>& 14.24</td>  <td>& 16.75</td>  <td>& 14.08</td>  <td>& 12.03</td>  <td>& 29.31</td>  <td>& 26.18</td>  <td>& 23.81</td>  <td>& 18.89</td>  <td>& 15.79</td>  <td>& 13.61</td>
  </tr>
  <tr>
    <td>EDSR+</td>  <td>& 12.73</td>  <td>& 11.21</td>  <td>& 9.9</td>  <td>& 28.25</td>  <td>& 25.53</td>  <td>& 24.19</td>  <td>& 21.13</td>  <td>& 19.75</td>  <td>& 18.44</td>  <td>& 32.78</td>  <td>& 29.9</td>  <td>& 28.31</td>  <td>& 23.66</td>  <td>& 21.75</td>  <td>& 20.4</td>
  </tr>
  <tr>
    <td>NLR-</td>  <td>& 14.68</td>  <td>& 12.37</td>  <td>& 11.11</td>  <td>& 28.08</td>  <td>& 25.0</td>  <td>& 23.27</td>  <td>& 21.21</td>  <td>& 20.11</td>  <td>& 19.2</td>  <td>& 32.18</td>  <td>& 28.84</td>  <td>& 26.64</td>  <td>& 23.75</td>  <td>& 21.78</td>  <td>& 20.47</td>
  </tr>
  <tr>
    <td>NLR</td>  <td>& 13.67</td>  <td>& 12.92</td>  <td>& 12.29</td>  <td>& 28.38</td>  <td>& 25.85</td>  <td>& 24.84</td>  <td>& 21.31</td>  <td>& 20.27</td>  <td>& 19.18</td>  <td>& 32.57</td>  <td>& 29.57</td>  <td>& 27.67</td>  <td>& 23.85</td>  <td>& 22.22</td>  <td>& 21.08</td>
  </tr>
  <tr>
    <td>NHR</td>  <td>& 17.16</td>  <td>& 17.21</td>  <td>& 15.63</td>  <td>& 30.25</td>  <td>& 28.41</td>  <td>& 26.27</td>  <td>& 25.19</td>  <td>& 23.95</td>  <td>& 22.7</td>  <td>& 30.57</td>  <td>& 27.42</td>  <td>& 24.39</td>  <td>& 26.46</td>  <td>& 24.94</td>  <td>& 23.22</td>
  </tr>
</table><table border="1">
  <caption>Table 1: PSNR for all of the datasets</caption>
  <tr>
    <td>Method</td>  <td>x2</td>  <td>x3</td>  <td>x4</td>  <td>x2</td>  <td>x3</td>  <td>x4</td>  <td>x2</td>  <td>x3</td>  <td>x4</td>  <td>x2</td>  <td>x3</td>  <td>x4</td>  <td>x2</td>  <td>x3</td>  <td>x4</td>
  </tr>
  <tr>
    <td>Nearest</td>  <td>& 19.06</td>  <td>& 16.71</td>  <td>& 14.68</td>  <td>& 24.22</td>  <td>& 19.7</td>  <td>& 16.92</td>  <td>& 10.08</td>  <td>& 7.93</td>  <td>& 7.08</td>  <td>& 30.84</td>  <td>& 27.88</td>  <td>& 25.82</td>  <td>& 21.07</td>  <td>& 18.12</td>  <td>& 16.0</td>
  </tr>
  <tr>
    <td>Bilinear</td>  <td>& 20.61</td>  <td>& 18.24</td>  <td>& 16.32</td>  <td>& 26.2</td>  <td>& 21.48</td>  <td>& 18.84</td>  <td>& 11.87</td>  <td>& 8.88</td>  <td>& 7.77</td>  <td>& 31.75</td>  <td>& 28.83</td>  <td>& 26.9</td>  <td>& 22.67</td>  <td>& 19.6</td>  <td>& 17.56</td>
  </tr>
  <tr>
    <td>Bicubic</td>  <td>& 20.21</td>  <td>& 17.96</td>  <td>& 15.88</td>  <td>& 25.67</td>  <td>& 21.12</td>  <td>& 18.29</td>  <td>& 11.32</td>  <td>& 8.81</td>  <td>& 7.73</td>  <td>& 31.77</td>  <td>& 28.78</td>  <td>& 26.73</td>  <td>& 22.28</td>  <td>& 19.34</td>  <td>& 17.16</td>
  </tr>
  <tr>
    <td>Lanczos</td>  <td>& 20.01</td>  <td>& 17.74</td>  <td>& 15.69</td>  <td>& 25.42</td>  <td>& 20.86</td>  <td>& 18.07</td>  <td>& 11.14</td>  <td>& 8.81</td>  <td>& 7.81</td>  <td>& 31.71</td>  <td>& 28.7</td>  <td>& 26.63</td>  <td>& 22.09</td>  <td>& 19.15</td>  <td>& 17.0</td>
  </tr>
  <tr>
    <td>HRST</td>  <td>& 16.18</td>  <td>& --</td>  <td>& 16.12</td>  <td>& 32.29</td>  <td>& --</td>  <td>& 29.63</td>  <td>& 22.13</td>  <td>& --</td>  <td>& 20.88</td>  <td>& 27.9</td>  <td>& --</td>  <td>& 26.34</td>  <td>& 22.17</td>  <td>& --</td>  <td>& 21.17</td>
  </tr>
  <tr>
    <td>HRST+</td>  <td>& 0.0</td>  <td>& --</td>  <td>& 0.0</td>  <td>& 32.24</td>  <td>& --</td>  <td>& 29.9</td>  <td>& --</td>  <td>& --</td>  <td>& --</td>  <td>& --</td>  <td>& --</td>  <td>& --</td>  <td>& --</td>  <td>& --</td>  <td>& --</td>
  </tr>
  <tr>
    <td>EDSR</td>  <td>& 16.75</td>  <td>& 14.08</td>  <td>& 12.03</td>  <td>& 21.77</td>  <td>& 17.2</td>  <td>& 14.24</td>  <td>& 8.49</td>  <td>& 7.13</td>  <td>& 6.61</td>  <td>& 29.31</td>  <td>& 26.18</td>  <td>& 23.81</td>  <td>& 18.89</td>  <td>& 15.79</td>  <td>& 13.61</td>
  </tr>
  <tr>
    <td>EDSR+</td>  <td>& 21.13</td>  <td>& 19.75</td>  <td>& 18.44</td>  <td>& 28.25</td>  <td>& 25.53</td>  <td>& 24.19</td>  <td>& 12.73</td>  <td>& 11.21</td>  <td>& 9.9</td>  <td>& 32.78</td>  <td>& 29.9</td>  <td>& 28.31</td>  <td>& 23.66</td>  <td>& 21.75</td>  <td>& 20.4</td>
  </tr>
  <tr>
    <td>NLR-</td>  <td>& 21.21</td>  <td>& 20.11</td>  <td>& 19.2</td>  <td>& 28.08</td>  <td>& 25.0</td>  <td>& 23.27</td>  <td>& 14.68</td>  <td>& 12.37</td>  <td>& 11.11</td>  <td>& 32.18</td>  <td>& 28.84</td>  <td>& 26.64</td>  <td>& 23.75</td>  <td>& 21.78</td>  <td>& 20.47</td>
  </tr>
  <tr>
    <td>NLR</td>  <td>& 21.31</td>  <td>& 20.27</td>  <td>& 19.18</td>  <td>& 28.38</td>  <td>& 25.85</td>  <td>& 24.84</td>  <td>& 13.67</td>  <td>& 12.92</td>  <td>& 12.29</td>  <td>& 32.57</td>  <td>& 29.57</td>  <td>& 27.67</td>  <td>& 23.85</td>  <td>& 22.22</td>  <td>& 21.08</td>
  </tr>
  <tr>
    <td>NHR</td>  <td>& 25.19</td>  <td>& 23.95</td>  <td>& 22.7</td>  <td>& 30.25</td>  <td>& 28.41</td>  <td>& 26.27</td>  <td>& 17.16</td>  <td>& 17.21</td>  <td>& 15.63</td>  <td>& 30.57</td>  <td>& 27.42</td>  <td>& 24.39</td>  <td>& 26.46</td>  <td>& 24.94</td>  <td>& 23.22</td>
  </tr>
</table><table border="1">
  <caption>Table 1: PSNR for all of the datasets</caption>
  <tr>
    <td>Method</td>  <td>x2</td>  <td>x3</td>  <td>x4</td>  <td>x2</td>  <td>x3</td>  <td>x4</td>  <td>x2</td>  <td>x3</td>  <td>x4</td>  <td>x2</td>  <td>x3</td>  <td>x4</td>  <td>x2</td>  <td>x3</td>  <td>x4</td>
  </tr>
  <tr>
    <td>Nearest</td>  <td>& 19.06</td>  <td>& 16.71</td>  <td>& 14.68</td>  <td>& 24.22</td>  <td>& 19.7</td>  <td>& 16.92</td>  <td>& 10.08</td>  <td>& 7.93</td>  <td>& 7.08</td>  <td>& 30.84</td>  <td>& 27.88</td>  <td>& 25.82</td>  <td>& 21.07</td>  <td>& 18.12</td>  <td>& 16.0</td>
  </tr>
  <tr>
    <td>Bilinear</td>  <td>& 20.61</td>  <td>& 18.24</td>  <td>& 16.32</td>  <td>& 26.2</td>  <td>& 21.48</td>  <td>& 18.84</td>  <td>& 11.87</td>  <td>& 8.88</td>  <td>& 7.77</td>  <td>& 31.75</td>  <td>& 28.83</td>  <td>& 26.9</td>  <td>& 22.67</td>  <td>& 19.6</td>  <td>& 17.56</td>
  </tr>
  <tr>
    <td>Bicubic</td>  <td>& 20.21</td>  <td>& 17.96</td>  <td>& 15.88</td>  <td>& 25.67</td>  <td>& 21.12</td>  <td>& 18.29</td>  <td>& 11.32</td>  <td>& 8.81</td>  <td>& 7.73</td>  <td>& 31.77</td>  <td>& 28.78</td>  <td>& 26.73</td>  <td>& 22.28</td>  <td>& 19.34</td>  <td>& 17.16</td>
  </tr>
  <tr>
    <td>Lanczos</td>  <td>& 20.01</td>  <td>& 17.74</td>  <td>& 15.69</td>  <td>& 25.42</td>  <td>& 20.86</td>  <td>& 18.07</td>  <td>& 11.14</td>  <td>& 8.81</td>  <td>& 7.81</td>  <td>& 31.71</td>  <td>& 28.7</td>  <td>& 26.63</td>  <td>& 22.09</td>  <td>& 19.15</td>  <td>& 17.0</td>
  </tr>
  <tr>
    <td>HRST</td>  <td>& 16.18</td>  <td>& --</td>  <td>& 16.12</td>  <td>& 32.29</td>  <td>& --</td>  <td>& 29.63</td>  <td>& 22.13</td>  <td>& --</td>  <td>& 20.88</td>  <td>& 27.9</td>  <td>& --</td>  <td>& 26.34</td>  <td>& 22.17</td>  <td>& --</td>  <td>& 21.17</td>
  </tr>
  <tr>
    <td>HRST+</td>  <td>& --</td>  <td>& --</td>  <td>& --</td>  <td>& 32.24</td>  <td>& --</td>  <td>& 29.9</td>  <td>& 22.76</td>  <td>& --</td>  <td>& 21.55</td>  <td>& --</td>  <td>& --</td>  <td>& --</td>  <td>& --</td>  <td>& --</td>  <td>& --</td>
  </tr>
  <tr>
    <td>EDSR</td>  <td>& 16.75</td>  <td>& 14.08</td>  <td>& 12.03</td>  <td>& 21.77</td>  <td>& 17.2</td>  <td>& 14.24</td>  <td>& 8.49</td>  <td>& 7.13</td>  <td>& 6.61</td>  <td>& 29.31</td>  <td>& 26.18</td>  <td>& 23.81</td>  <td>& 18.89</td>  <td>& 15.79</td>  <td>& 13.61</td>
  </tr>
  <tr>
    <td>EDSR+</td>  <td>& 21.13</td>  <td>& 19.75</td>  <td>& 18.44</td>  <td>& 28.25</td>  <td>& 25.53</td>  <td>& 24.19</td>  <td>& 12.73</td>  <td>& 11.21</td>  <td>& 9.9</td>  <td>& 32.78</td>  <td>& 29.9</td>  <td>& 28.31</td>  <td>& 23.66</td>  <td>& 21.75</td>  <td>& 20.4</td>
  </tr>
  <tr>
    <td>NLR-</td>  <td>& 21.21</td>  <td>& 20.11</td>  <td>& 19.2</td>  <td>& 28.08</td>  <td>& 25.0</td>  <td>& 23.27</td>  <td>& 14.68</td>  <td>& 12.37</td>  <td>& 11.11</td>  <td>& 32.18</td>  <td>& 28.84</td>  <td>& 26.64</td>  <td>& 23.75</td>  <td>& 21.78</td>  <td>& 20.47</td>
  </tr>
  <tr>
    <td>NLR</td>  <td>& 21.31</td>  <td>& 20.27</td>  <td>& 19.18</td>  <td>& 28.38</td>  <td>& 25.85</td>  <td>& 24.84</td>  <td>& 13.67</td>  <td>& 12.92</td>  <td>& 12.29</td>  <td>& 32.57</td>  <td>& 29.57</td>  <td>& 27.67</td>  <td>& 23.85</td>  <td>& 22.22</td>  <td>& 21.08</td>
  </tr>
  <tr>
    <td>NHR</td>  <td>& 25.19</td>  <td>& 23.95</td>  <td>& 22.7</td>  <td>& 30.25</td>  <td>& 28.41</td>  <td>& 26.27</td>  <td>& 17.16</td>  <td>& 17.21</td>  <td>& 15.63</td>  <td>& 30.57</td>  <td>& 27.42</td>  <td>& 24.39</td>  <td>& 26.46</td>  <td>& 24.94</td>  <td>& 23.22</td>
  </tr>
</table><table border="1">
  <caption>Table 1: PSNR for all of the datasets</caption>
  <tr>
    <td>Method</td>  <td>x2</td>  <td>x3</td>  <td>x4</td>  <td>x2</td>  <td>x3</td>  <td>x4</td>  <td>x2</td>  <td>x3</td>  <td>x4</td>  <td>x2</td>  <td>x3</td>  <td>x4</td>  <td>x2</td>  <td>x3</td>  <td>x4</td>
  </tr>
  <tr>
    <td>Nearest</td>  <td>& 19.06</td>  <td>& 16.71</td>  <td>& 14.68</td>  <td>& 24.22</td>  <td>& 19.7</td>  <td>& 16.92</td>  <td>& 10.08</td>  <td>& 7.93</td>  <td>& 7.08</td>  <td>& 30.84</td>  <td>& 27.88</td>  <td>& 25.82</td>  <td>& 21.07</td>  <td>& 18.12</td>  <td>& 16.0</td>
  </tr>
  <tr>
    <td>Bilinear</td>  <td>& 20.61</td>  <td>& 18.24</td>  <td>& 16.32</td>  <td>& 26.2</td>  <td>& 21.48</td>  <td>& 18.84</td>  <td>& 11.87</td>  <td>& 8.88</td>  <td>& 7.77</td>  <td>& 31.75</td>  <td>& 28.83</td>  <td>& 26.9</td>  <td>& 22.67</td>  <td>& 19.6</td>  <td>& 17.56</td>
  </tr>
  <tr>
    <td>Bicubic</td>  <td>& 20.21</td>  <td>& 17.96</td>  <td>& 15.88</td>  <td>& 25.67</td>  <td>& 21.12</td>  <td>& 18.29</td>  <td>& 11.32</td>  <td>& 8.81</td>  <td>& 7.73</td>  <td>& 31.77</td>  <td>& 28.78</td>  <td>& 26.73</td>  <td>& 22.28</td>  <td>& 19.34</td>  <td>& 17.16</td>
  </tr>
  <tr>
    <td>Lanczos</td>  <td>& 20.01</td>  <td>& 17.74</td>  <td>& 15.69</td>  <td>& 25.42</td>  <td>& 20.86</td>  <td>& 18.07</td>  <td>& 11.14</td>  <td>& 8.81</td>  <td>& 7.81</td>  <td>& 31.71</td>  <td>& 28.7</td>  <td>& 26.63</td>  <td>& 22.09</td>  <td>& 19.15</td>  <td>& 17.0</td>
  </tr>
  <tr>
    <td>HRST</td>  <td>& 16.18</td>  <td>& --</td>  <td>& 16.12</td>  <td>& 32.29</td>  <td>& --</td>  <td>& 29.63</td>  <td>& 22.13</td>  <td>& --</td>  <td>& 20.88</td>  <td>& 27.9</td>  <td>& --</td>  <td>& 26.34</td>  <td>& 22.17</td>  <td>& --</td>  <td>& 21.17</td>
  </tr>
  <tr>
    <td>HRST+</td>  <td>& --</td>  <td>& --</td>  <td>& --</td>  <td>& 32.24</td>  <td>& --</td>  <td>& 29.9</td>  <td>& 22.76</td>  <td>& --</td>  <td>& 21.55</td>  <td>& --</td>  <td>& --</td>  <td>& --</td>  <td>& --</td>  <td>& --</td>  <td>& --</td>
  </tr>
  <tr>
    <td>FSRCNN</td>  <td>& 18.09</td>  <td>& 15.02</td>  <td>& 13.75</td>  <td>& 23.58</td>  <td>& 18.16</td>  <td>& 16.36</td>  <td>& 9.62</td>  <td>& 7.73</td>  <td>& 7.43</td>  <td>& 30.23</td>  <td>& 26.35</td>  <td>& 25.01</td>  <td>& 20.27</td>  <td>& 16.61</td>  <td>& 15.29</td>
  </tr>
  <tr>
    <td>SRRESNET</td>  <td>& 17.61</td>  <td>& 14.89</td>  <td>& 12.83</td>  <td>& 22.99</td>  <td>& 18.1</td>  <td>& 15.22</td>  <td>& 8.92</td>  <td>& 6.98</td>  <td>& 6.5</td>  <td>& 30.04</td>  <td>& 26.88</td>  <td>& 24.52</td>  <td>& 19.79</td>  <td>& 16.53</td>  <td>& 14.36</td>
  </tr>
  <tr>
    <td>EDSR</td>  <td>& 16.75</td>  <td>& 14.08</td>  <td>& 12.03</td>  <td>& 21.77</td>  <td>& 17.2</td>  <td>& 14.24</td>  <td>& 8.49</td>  <td>& 7.13</td>  <td>& 6.61</td>  <td>& 29.31</td>  <td>& 26.18</td>  <td>& 23.81</td>  <td>& 18.89</td>  <td>& 15.79</td>  <td>& 13.61</td>
  </tr>
  <tr>
    <td>RCAN</td>  <td>& 16.32</td>  <td>& 13.62</td>  <td>& 11.55</td>  <td>& 21.6</td>  <td>& 16.73</td>  <td>& 13.91</td>  <td>& 8.4</td>  <td>& 7.05</td>  <td>& 6.54</td>  <td>& 29.11</td>  <td>& 25.86</td>  <td>& 23.5</td>  <td>& 18.58</td>  <td>& 15.38</td>  <td>& 13.22</td>
  </tr>
  <tr>
    <td>EDSR+</td>  <td>& 21.13</td>  <td>& 19.75</td>  <td>& 18.44</td>  <td>& 28.25</td>  <td>& 25.53</td>  <td>& 24.19</td>  <td>& 12.73</td>  <td>& 11.21</td>  <td>& 9.9</td>  <td>& 32.78</td>  <td>& 29.9</td>  <td>& 28.31</td>  <td>& 23.66</td>  <td>& 21.75</td>  <td>& 20.4</td>
  </tr>
  <tr>
    <td>NLR-</td>  <td>& 21.21</td>  <td>& 20.11</td>  <td>& 19.2</td>  <td>& 28.08</td>  <td>& 25.0</td>  <td>& 23.27</td>  <td>& 14.68</td>  <td>& 12.37</td>  <td>& 11.11</td>  <td>& 32.18</td>  <td>& 28.84</td>  <td>& 26.64</td>  <td>& 23.75</td>  <td>& 21.78</td>  <td>& 20.47</td>
  </tr>
  <tr>
    <td>NLR</td>  <td>& 21.31</td>  <td>& 20.27</td>  <td>& 19.18</td>  <td>& 28.38</td>  <td>& 25.85</td>  <td>& 24.84</td>  <td>& 13.67</td>  <td>& 12.92</td>  <td>& 12.29</td>  <td>& 32.57</td>  <td>& 29.57</td>  <td>& 27.67</td>  <td>& 23.85</td>  <td>& 22.22</td>  <td>& 21.08</td>
  </tr>
  <tr>
    <td>NHR</td>  <td>& 25.19</td>  <td>& 23.95</td>  <td>& 22.7</td>  <td>& 30.25</td>  <td>& 28.41</td>  <td>& 26.27</td>  <td>& 17.16</td>  <td>& 17.21</td>  <td>& 15.63</td>  <td>& 30.57</td>  <td>& 27.42</td>  <td>& 24.39</td>  <td>& 26.46</td>  <td>& 24.94</td>  <td>& 23.22</td>
  </tr>
</table><table border="1">
  <caption>Table 1: PSNR for all of the datasets</caption>
  <tr>
    <td>Method</td>  <td>x2</td>  <td>x3</td>  <td>x4</td>  <td>x2</td>  <td>x3</td>  <td>x4</td>  <td>x2</td>  <td>x3</td>  <td>x4</td>  <td>x2</td>  <td>x3</td>  <td>x4</td>  <td>x2</td>  <td>x3</td>  <td>x4</td>
  </tr>
  <tr>
    <td>Nearest</td>  <td>& 0.0</td>  <td>& 0.0</td>  <td>& 0.0</td>  <td>& 0.0</td>  <td>& 0.0</td>  <td>& 0.0</td>  <td>& 0.54</td>  <td>& 0.43</td>  <td>& 0.39</td>  <td>& 0.0</td>  <td>& 0.0</td>  <td>& 0.0</td>  <td>& 0.04</td>  <td>& 0.04</td>  <td>& 0.03</td>
  </tr>
  <tr>
    <td>Bilinear</td>  <td>& 0.0</td>  <td>& 0.0</td>  <td>& 0.0</td>  <td>& 0.0</td>  <td>& 0.0</td>  <td>& 0.0</td>  <td>& 0.57</td>  <td>& 0.45</td>  <td>& 0.41</td>  <td>& 0.0</td>  <td>& 0.0</td>  <td>& 0.0</td>  <td>& 0.05</td>  <td>& 0.04</td>  <td>& 0.03</td>
  </tr>
  <tr>
    <td>Bicubic</td>  <td>& 0.0</td>  <td>& 0.0</td>  <td>& 0.0</td>  <td>& 0.0</td>  <td>& 0.0</td>  <td>& 0.0</td>  <td>& 0.56</td>  <td>& 0.45</td>  <td>& 0.41</td>  <td>& 0.0</td>  <td>& 0.0</td>  <td>& 0.0</td>  <td>& 0.05</td>  <td>& 0.04</td>  <td>& 0.03</td>
  </tr>
  <tr>
    <td>Lanczos</td>  <td>& 0.0</td>  <td>& 0.0</td>  <td>& 0.0</td>  <td>& 0.0</td>  <td>& 0.0</td>  <td>& 0.0</td>  <td>& 0.55</td>  <td>& 0.45</td>  <td>& 0.4</td>  <td>& 0.0</td>  <td>& 0.0</td>  <td>& 0.0</td>  <td>& 0.05</td>  <td>& 0.04</td>  <td>& 0.03</td>
  </tr>
  <tr>
    <td>HRST</td>  <td>& 0.0</td>  <td>& --</td>  <td>& 0.0</td>  <td>& 0.0</td>  <td>& --</td>  <td>& 0.0</td>  <td>& 0.92</td>  <td>& --</td>  <td>& 0.9</td>  <td>& 0.0</td>  <td>& --</td>  <td>& 0.0</td>  <td>& 0.08</td>  <td>& --</td>  <td>& 0.07</td>
  </tr>
  <tr>
    <td>HRST+</td>  <td>& --</td>  <td>& --</td>  <td>& --</td>  <td>& 0.0</td>  <td>& --</td>  <td>& 0.0</td>  <td>& 0.91</td>  <td>& --</td>  <td>& 0.89</td>  <td>& --</td>  <td>& --</td>  <td>& --</td>  <td>& --</td>  <td>& --</td>  <td>& --</td>
  </tr>
  <tr>
    <td>FSRCNN</td>  <td>& 0.0</td>  <td>& 0.0</td>  <td>& 0.0</td>  <td>& 0.0</td>  <td>& 0.0</td>  <td>& 0.0</td>  <td>& 0.49</td>  <td>& 0.37</td>  <td>& 0.36</td>  <td>& 0.0</td>  <td>& 0.0</td>  <td>& 0.0</td>  <td>& 0.04</td>  <td>& 0.03</td>  <td>& 0.03</td>
  </tr>
  <tr>
    <td>SRRESNET</td>  <td>& 0.0</td>  <td>& 0.0</td>  <td>& 0.0</td>  <td>& 0.0</td>  <td>& 0.0</td>  <td>& 0.0</td>  <td>& 0.5</td>  <td>& 0.41</td>  <td>& 0.38</td>  <td>& 0.0</td>  <td>& 0.0</td>  <td>& 0.0</td>  <td>& 0.04</td>  <td>& 0.03</td>  <td>& 0.03</td>
  </tr>
  <tr>
    <td>EDSR</td>  <td>& 0.0</td>  <td>& 0.0</td>  <td>& 0.0</td>  <td>& 0.0</td>  <td>& 0.0</td>  <td>& 0.0</td>  <td>& 0.49</td>  <td>& 0.41</td>  <td>& 0.37</td>  <td>& 0.0</td>  <td>& 0.0</td>  <td>& 0.0</td>  <td>& 0.04</td>  <td>& 0.03</td>  <td>& 0.03</td>
  </tr>
  <tr>
    <td>RCAN</td>  <td>& 0.0</td>  <td>& 0.0</td>  <td>& 0.0</td>  <td>& 0.0</td>  <td>& 0.0</td>  <td>& 0.0</td>  <td>& 0.49</td>  <td>& 0.4</td>  <td>& 0.37</td>  <td>& 0.0</td>  <td>& 0.0</td>  <td>& 0.0</td>  <td>& 0.04</td>  <td>& 0.03</td>  <td>& 0.03</td>
  </tr>
  <tr>
    <td>EDSR+</td>  <td>& 0.0</td>  <td>& 0.0</td>  <td>& 0.0</td>  <td>& 0.0</td>  <td>& 0.0</td>  <td>& 0.0</td>  <td>& 0.62</td>  <td>& 0.51</td>  <td>& 0.45</td>  <td>& 0.0</td>  <td>& 0.0</td>  <td>& 0.0</td>  <td>& 0.05</td>  <td>& 0.04</td>  <td>& 0.04</td>
  </tr>
  <tr>
    <td>NLR-</td>  <td>& 0.0</td>  <td>& 0.0</td>  <td>& 0.0</td>  <td>& 0.0</td>  <td>& 0.0</td>  <td>& 0.0</td>  <td>& 0.66</td>  <td>& 0.51</td>  <td>& 0.42</td>  <td>& 0.0</td>  <td>& 0.0</td>  <td>& 0.0</td>  <td>& 0.06</td>  <td>& 0.04</td>  <td>& 0.03</td>
  </tr>
  <tr>
    <td>NLR</td>  <td>& 0.0</td>  <td>& 0.0</td>  <td>& 0.0</td>  <td>& 0.0</td>  <td>& 0.0</td>  <td>& 0.0</td>  <td>& 0.65</td>  <td>& 0.58</td>  <td>& 0.54</td>  <td>& 0.0</td>  <td>& 0.0</td>  <td>& 0.0</td>  <td>& 0.05</td>  <td>& 0.05</td>  <td>& 0.05</td>
  </tr>
  <tr>
    <td>NHR</td>  <td>& 0.0</td>  <td>& 0.0</td>  <td>& 0.0</td>  <td>& 0.0</td>  <td>& 0.0</td>  <td>& 0.0</td>  <td>& 0.74</td>  <td>& 0.74</td>  <td>& 0.74</td>  <td>& 0.0</td>  <td>& 0.0</td>  <td>& 0.0</td>  <td>& 0.06</td>  <td>& 0.06</td>  <td>& 0.06</td>
  </tr>
</table>